3 x 3
0 0
1 4
2 6
3 2
4 4
5 4
6 2
7 2
8 6
9 2
10 4
11 8
12 6
13 6
14 4
15 4
16 9
17 5
18 3
19 7
20 5
21 5
22 7
23 7
24 3
25 7
26 5
27 1
28 3
29 3
30 5
31 5
32 6
33 6
34 4
35 4
36 2
37 6
38 8
39 4
40 6
41 6
42 4
43 4
44 6
45 2
46 4
47 8
48 3
49 3
50 5
51 5
52 7
53 3
54 1
55 5
56 3
57 3
58 5
59 5
60 3
61 7
62 5
63 1
64 4
65 4
66 6
67 6
68 6
69 6
70 4
71 4
72 2
73 2
74 4
75 4
76 4
77 4
78 2
79 2
80 5
81 5
82 3
83 3
84 3
85 3
86 5
87 5
88 7
89 7
90 5
91 5
92 5
93 5
94 7
95 7
96 6
97 6
98 4
99 4
100 4
101 4
102 6
103 6
104 6
105 6
106 4
107 4
108 4
109 4
110 6
111 6
112 3
113 3
114 5
115 5
116 5
117 5
118 3
119 3
120 3
121 3
122 5
123 5
124 5
125 5
126 3
127 3
128 6
129 6
130 6
131 6
132 6
133 6
134 6
135 6
136 4
137 4
138 4
139 4
140 4
141 4
142 4
143 4
144 3
145 3
146 3
147 3
148 3
149 3
150 3
151 3
152 5
153 5
154 5
155 5
156 5
157 5
158 5
159 5
160 4
161 4
162 4
163 4
164 4
165 4
166 4
167 4
168 4
169 4
170 4
171 4
172 4
173 4
174 4
175 4
176 5
177 5
178 5
179 5
180 5
181 5
182 5
183 5
184 5
185 5
186 5
187 5
188 5
189 5
190 5
191 5
192 2
193 6
194 6
195 2
196 4
197 4
198 4
199 4
200 8
201 4
202 4
203 8
204 6
205 6
206 6
207 6
208 7
209 3
210 3
211 7
212 5
213 5
214 5
215 5
216 1
217 5
218 5
219 1
220 3
221 3
222 3
223 3
224 4
225 4
226 4
227 4
228 2
229 6
230 6
231 2
232 4
233 4
234 4
235 4
236 6
237 2
238 2
239 6
240 5
241 5
242 5
243 5
244 7
245 3
246 3
247 7
248 5
249 5
250 5
251 5
252 3
253 7
254 7
255 3
256 4
257 6
258 6
259 4
260 4
261 6
262 6
263 4
264 6
265 4
266 4
267 6
268 6
269 4
270 4
271 6
272 5
273 3
274 3
275 5
276 5
277 3
278 3
279 5
280 3
281 5
282 5
283 3
284 3
285 5
286 5
287 3
288 2
289 4
290 4
291 2
292 2
293 4
294 4
295 2
296 6
297 4
298 4
299 6
300 6
301 4
302 4
303 6
304 7
305 5
306 5
307 7
308 7
309 5
310 5
311 7
312 3
313 5
314 5
315 3
316 3
317 5
318 5
319 3
320 4
321 6
322 6
323 4
324 6
325 4
326 4
327 6
328 6
329 4
330 4
331 6
332 4
333 6
334 6
335 4
336 5
337 3
338 3
339 5
340 3
341 5
342 5
343 3
344 3
345 5
346 5
347 3
348 5
349 3
350 3
351 5
352 6
353 4
354 4
355 6
356 4
357 6
358 6
359 4
360 2
361 4
362 4
363 2
364 4
365 2
366 2
367 4
368 3
369 5
370 5
371 3
372 5
373 3
374 3
375 5
376 7
377 5
378 5
379 7
380 5
381 7
382 7
383 5
384 2
385 4
386 6
387 4
388 6
389 4
390 2
391 4
392 4
393 2
394 4
395 6
396 4
397 6
398 4
399 2
400 7
401 5
402 3
403 5
404 3
405 5
406 7
407 5
408 5
409 7
410 5
411 3
412 5
413 3
414 5
415 7
416 8
417 6
418 4
419 6
420 4
421 6
422 8
423 6
424 4
425 6
426 4
427 2
428 4
429 2
430 4
431 6
432 1
433 3
434 5
435 3
436 5
437 3
438 1
439 3
440 5
441 3
442 5
443 7
444 5
445 7
446 5
447 3
448 2
449 4
450 6
451 4
452 4
453 6
454 4
455 2
456 4
457 2
458 4
459 6
460 6
461 4
462 2
463 4
464 7
465 5
466 3
467 5
468 5
469 3
470 5
471 7
472 5
473 7
474 5
475 3
476 3
477 5
478 7
479 5
480 4
481 6
482 4
483 2
484 2
485 4
486 6
487 4
488 8
489 6
490 4
491 6
492 6
493 4
494 6
495 8
496 5
497 3
498 5
499 7
500 7
501 5
502 3
503 5
504 1
505 3
506 5
507 3
508 3
509 5
510 3
511 1
4 x 4
0 0
1 9
2 6
3 3
4 6
5 9
6 12
7 3
8 9
9 6
10 9
11 6
12 3
13 6
14 3
15 6
16 6
17 3
18 4
19 5
20 8
21 7
22 6
23 9
24 7
25 8
26 7
27 8
28 5
29 4
30 5
31 4
32 4
33 5
34 2
35 7
36 10
37 5
38 8
39 7
40 9
41 6
42 9
43 6
44 3
45 6
46 3
47 6
48 2
49 7
50 8
51 1
52 4
53 11
54 10
55 5
56 7
57 8
58 7
59 8
60 5
61 4
62 5
63 4
64 4
65 9
66 10
67 3
68 2
69 9
70 8
71 3
72 5
73 6
74 5
75 6
76 7
77 6
78 7
79 6
80 6
