2 2
4 3
49 1
55 3
58 2
797 2
71 3
76 3
81 1
106 2
2092 2
169 2
144 2
175 2
82 1
147 1
72 2
200 2
241 1
249 1
290 1
294 1
317 3
318 2
320 2
328 3
32 1
7208 2
346 2
35 2
5651 3
370 1
288 2
373 2
412 2
391 2
413 1
420 1
4471 2
422 2
6087 3
429 1
435 2
437 2
399 2
453 1
456 3
458 2
579 2
605 2
614 2
421 1
621 2
617 2
639 2
640 2
261 1
6545 3
532 2
655 3
4675 3
670 2
675 2
159 1
236 1
717 1
721 2
723 1
728 3
735 1
741 3
7375 3
758 2
762 2
1447 3
768 2
772 2
279 1
782 2
3227 2
787 2
788 2
5526 2
562 2
2225 2
699 1
801 3
1786 2
443 1
802 2
427 2
815 3
332 1
4673 2
828 3
5722 3
830 2
2214 3
5639 3
832 2
840 1
6542 3
709 2
846 1
180 1
856 1
861 1
864 2
874 1
883 1
890 2
891 2
3897 2
895 3
5094 2
899 2
904 1
905 1
911 1
913 3
6372 2
914 3
918 2
901 1
947 3
948 2
954 2
2609 2
950 2
704 1
971 1
254 1
979 1
4605 2
982 3
786 1
990 1
999 1
1001 2
227 2
1022 3
1023 2
115 1
1024 3
1025 2
3917 3
1027 2
1031 2
1038 2
962 1
1071 2
1074 2
1075 2
24 1
5798 2
697 1
1085 1
1089 2
1092 2
1096 3
1112 1
637 2
4609 2
1010 1
1097 3
1137 1
1145 2
1195 1
112 1
1151 2
1155 1
3797 2
1171 2
1173 2
1175 1
1192 1
1213 2
1222 2
4163 2
1224 3
1226 1
292 2
1231 3
285 1
1241 3
5238 2
1245 3
4829 1
1252 1
1255 3
4803 2
1258 3
1263 2
401 1
1264 2
1307 2
528 2
959 2
1322 2
744 3
644 1
33 1
1360 2
4093 2
1362 2
1365 1
917 1
1290 1
1376 1
1377 2
919 2
1383 2
1299 1
564 3
148 1
6082 3
4462 2
1413 2
3525 2
1428 2
1432 2
1433 2
1441 1
739 2
1443 3
1446 3
656 2
1454 3
1455 2
181 2
1472 3
1474 2
1486 3
841 1
345 1
1487 1
1499 2
776 2
1512 2
140 1
853 2
1520 1
1535 3
4478 2
1536 3
1540 3
1548 2
1565 2
1278 2
1579 3
243 1
1613 2
219 1
1655 3
131 2
1130 2
4624 3
1686 1
1689 2
272 2
1693 2
1700 2
282 2
1701 2
1016 2
1718 3
3930 2
1730 3
576 2
1266 2
416 1
1736 3
1792 2
1793 2
1795 2
1797 3
1804 2
1809 1
1815 1
715 2
638 1
1826 2
7376 3
1140 1
1839 1
1848 2
1853 2
1858 2
404 2
3862 2
1607 3
1330 2
1869 2
1875 3
1880 2
231 1
1525 3
1526 2
4218 2
53 1
1911 2
1637 2
1912 3
6625 3
1672 2
1931 2
1936 2
839 2
1949 2
1953 2
1955 2
1642 2
1941 2
1975 2
877 1
645 2
938 2
2055 1
2063 2
2066 2
2071 2
2074 2
2090 2
1268 1
4584 3
3123 2
6685 3
2100 2
2101 2
2109 1
2015 2
7 2
96 1
2120 3
2376 2
2124 2
2126 2
889 2
2136 2
1341 2
1813 1
1828 1
2157 2
1434 2
2160 3
2163 3
2164 2
2027 2
340 2
6101 3
7163 2
2166 2
2167 2
111 1
988 2
2197 2
1741 1
2208 2
2039 3
113 1
964 1
2233 2
595 2
2253 2
2254 2
4525 3
1778 2
2263 2
2266 3
393 2
2271 2
2277 2
1366 1
1354 2
633 2
450 1
555 1
2286 2
956 1
2542 1
2297 2
2298 2
5066 2
2300 1
2309 2
1352 3
4226 3
2316 2
1163 2
364 2
225 1
1724 1
3711 1
441 2
2327 3
2329 2
2331 3
4591 3
2333 1
208 3
915 1
5876 3
2336 3
1629 2
2339 3
2340 2
2351 2
2356 2
4643 3
1745 1
1882 1
599 2
1317 1
2365 1
1785 2
1997 2
1726 2
632 2
2000 3
2377 2
2378 2
2380 2
5018 2
2387 2
398 2
1458 2
351 2
2398 2
217 1
2411 2
1807 1
378 1
5165 2
1320 2
870 2
943 3
2438 3
2180 1
2456 2
2459 2
1890 2
2359 2
2471 2
2474 1
304 1
2013 2
2485 2
2014 1
929 1
1103 1
2514 3
1150 1
2521 2
2518 3
578 1
2550 2
6998 3
2552 2
2417 2
2442 2
2068 2
2556 2
2557 2
62 2
1456 2
2576 2
2578 2
2579 2
1820 2
2585 2
4739 3
1179 2
2594 2
505 2
2612 2
2616 2
2505 2
509 2
871 2
2624 2
303 1
194 1
2535 3
2637 2
2641 2
2370 2
2566 2
3919 2
1115 2
455 1
1059 2
2662 2
4412 2
2774 2
1562 2
1256 2
2680 2
353 1
4919 2
2051 2
250 2
1506 2
56 1
1838 1
2706 2
759 1
1985 3
2715 3
467 2
5908 2
2719 3
3142 2
2720 1
2721 2
1351 2
5513 2
2736 3
475 1
1168 1
2077 1
647 1
2740 2
849 2
2742 2
1566 3
397 1
2751 3
2753 3
18 2
4680 2
2780 2
2758 2
3860 3
2783 2
892 2
1067 1
2786 2
376 2
698 2
2795 3
2796 2
2759 2
2804 3
2805 2
2811 3
2806 2
1910 3
2816 2
2824 2
1246 1
1206 1
2835 1
740 2
86 1
2840 2
783 1
2842 2
2730 3
1065 1
559 2
2847 3
1924 1
2821 2
2857 2
2856 2
681 1
394 1
2864 2
375 2
2441 3
2738 1
858 1
2880 1
2882 2
2551 1
1913 2
2602 2
3371 2
2423 2
1466 2
2216 2
2902 1
2217 3
694 2
2905 3
311 2
2924 2
3945 2
2926 2
2929 3
2931 2
2932 1
2132 2
1026 2
2944 2
2910 2
1881 2
242 2
2951 3
2803 2
974 1
2959 2
1699 2
534 2
2966 3
2968 2
2867 2
6546 3
1760 3
2975 2
2981 2
128 3
2994 3
2580 2
2995 3
3000 2
2996 2
3003 2
3004 3
3006 3
2369 2
809 2
3011 2
3018 2
3022 2
1733 3
1734 2
3032 3
253 1
5690 2
2722 2
3042 2
434 1
386 2
2743 2
264 2
1109 2
3062 2
5549 2
3065 2
1878 1
4612 2
1201 1
816 2
3073 2
6620 1
503 2
1633 2
3084 2
377 1
3086 2
3020 2
1788 2
3090 3
1482 1
2001 3
3092 2
59 2
2619 2
2935 2
3104 2
3106 2
3067 1
4928 2
1113 1
3117 2
235 3
1211 1
1762 1
2772 2
1522 2
3133 3
430 1
163 2
821 1
3138 1
2466 2
1300 1
1319 3
48 1
5432 2
3057 2
3170 2
459 2
3171 3
207 1
3175 3
3176 2
1202 1
130 1
3192 3
3193 1
3892 2
1695 2
3203 2
747 1
1064 1
1630 2
1821 2
3208 2
2467 2
2392 2
2059 2
3213 1
1118 2
3218 2
530 3
4272 1
424 1
1862 2
2711 3
3236 2
997 2
1193 1
2114 2
433 2
3239 2
2464 2
3253 2
3254 2
3256 2
1919 2
7105 3
3260 2
994 2
703 2
902 1
2543 3
1983 3
2934 1
3283 2
1157 1
4986 2
1277 1
1232 3
3292 2
1121 2
1592 2
3299 2
3305 1
2813 2
3312 3
2424 3
3314 2
3321 2
3324 2
2447 1
3337 3
3338 2
2183 3
5 1
3402 2
3403 1
3404 2
1087 1
2671 1
2646 1
338 2
702 1
3418 2
1840 2
19 1
257 1
3427 2
1561 2
3125 1
2463 3
3437 2
3021 2
3444 2
352 2
3191 2
40 1
1596 3
2328 1
2313 2
581 2
3449 2
372 1
2223 2
2251 1
1293 1
1680 1
3019 2
1340 2
1650 1
3461 3
3823 1
557 2
3463 2
567 2
1228 3
287 1
2156 1
3476 2
2096 1
3478 3
1586 3
2472 2
2018 3
2522 3
3178 2
3484 3
323 1
3490 1
2526 1
1029 2
3498 2
3499 2
3503 2
2179 2
3505 2
486 2
3515 2
3516 2
3517 2
2241 2
3289 2
3900 2
1184 2
799 3
713 1
3543 3
3304 2
781 2
2332 2
1937 2
16 1
2374 1
3029 2
3559 2
3561 3
1480 1
2173 3
533 2
2627 2
1538 1
5723 2
1052 1
1942 2
3010 3
541 2
269 1
865 2
3589 1
3593 2
3594 1
3107 2
122 2
706 2
3600 3
2953 3
3608 2
957 2
1649 1
3611 2
7136 2
1871 2
3632 1
672 1
2334 2
3634 1
1836 2
444 2
6630 3
838 1
3646 2
347 1
596 1
3656 2
649 2
3660 2
325 1
476 2
3629 2
4639 1
2102 1
2820 2
216 1
3681 2
2295 2
803 2
3232 2
2468 3
1706 2
1470 2
1546 2
2871 1
512 2
3526 2
356 1
921 2
2083 1
3712 3
2428 2
2532 3
2201 1
519 1
179 2
3728 3
244 1
247 2
1676 1
2704 1
3756 3
1186 1
2191 2
3772 1
1934 2
2181 3
3789 2
693 2
3592 2
3799 2
2229 2
2140 2
3801 1
3802 2
104 1
2439 1
2198 1
203 2
3828 3
3829 2
464 1
2927 3
2192 2
1876 2
3833 3
992 2
654 2
1123 3
3529 3
85 2
587 1
1961 2
495 1
497 2
2038 2
73 2
3381 2
1068 2
1310 2
1166 1
3939 2
2244 2
240 1
3905 3
2530 1
795 2
1723 2
1837 2
100 1
3976 2
1599 3
766 1
2640 2
5106 2
3989 3
777 1
6089 3
2868 2
665 1
2726 3
2050 2
798 3
2610 2
583 2
1810 1
2133 1
4017 1
473 2
245 2
4022 2
342 2
3080 3
4026 2
1995 2
1481 2
3097 2
2885 2
4035 1
2081 1
1996 1
4040 2
1707 1
4062 2
2647 2
2692 3
4065 2
514 2
2188 2
425 2
1158 1
3578 2
884 2
712 1
1874 2
336 2
1054 1
2453 2
3679 2
3763 1
3534 2
4107 2
2606 1
452 1
1223 2
1069 1
4116 2
570 2
447 1
1477 1
2141 1
4130 2
4136 2
408 3
1053 1
3669 2
139 2
83 1
5898 2
1694 2
501 2
2158 2
4165 3
1948 3
3506 2
3540 2
5654 3
2986 3
4157 1
3906 2
4174 2
2601 2
2219 3
4182 2
1203 1
850 1
3055 2
2366 2
92 1
4188 2
2735 1
4066 3
3325 2
4162 2
1374 2
248 3
3124 1
5108 1
658 1
3128 1
2194 2
3453 2
4213 2
4811 3
4215 2
1879 2
1984 2
218 1
2697 1
1988 2
471 2
3591 3
4232 2
678 1
1057 1
431 1
2215 3
2802 2
1523 1
3768 2
5770 2
934 2
3807 2
2082 1
2895 2
4268 1
4269 2
4274 2
4276 2
4449 1
2269 1
993 2
606 1
4289 2
2220 2
4290 3
1464 1
3358 2
4292 2
1780 2
2009 1
152 2
4296 2
4297 2
3362 2
4299 2
2705 1
4151 2
711 3
696 1
912 1
4306 2
2199 1
41 2
3691 1
4316 2
5180 2
1002 1
900 2
3944 2
4326 2
195 1
4331 2
1128 1
4336 1
4337 2
74 1
4341 2
3814 3
5113 2
1576 2
209 1
4345 2
107 2
1062 1
1708 1
5971 2
2111 2
620 2
1356 2
5973 2
4369 2
791 1
2094 2
727 1
3819 3
4384 2
2593 2
4386 2
2103 1
95 2
4390 2
661 3
2305 2
737 1
354 2
2060 2
4397 2
4951 3
350 2
277 2
3392 2
4406 1
3161 3
4411 2
1126 2
1926 3
2117 2
573 2
1521 1
2977 1
6834 3
4426 1
1899 2
4343 2
3966 2
2196 1
1989 2
1309 2
1990 2
1992 3
4445 3
4446 2
3604 1
3742 1
504 2
4085 3
1183 2
2242 3
1348 2
682 1
1178 2
4469 2
5051 1
4476 2
432 1
1713 3
1823 1
3873 2
2452 2
1727 2
1692 3
635 2
3616 2
4485 2
5980 2
4489 2
3766 2
2973 3
3744 2
4204 1
2844 2
363 2
1493 1
1784 2
4500 2
1979 1
3435 2
2089 2
2865 2
924 3
3888 2
2440 2
3651 2
1254 1
1283 3
1901 3
474 2
2976 1
3286 2
2672 2
4421 2
1404 2
1600 1
863 1
1531 3
1545 2
2401 2
4084 3
4539 2
4540 3
388 2
4546 2
2869 3
4480 2
5762 2
2449 2
2218 3
4551 2
4552 3
1090 2
975 1
1777 2
4565 2
2938 2
2700 2
4573 2
3389 1
2367 2
707 1
154 2
4458 3
4581 3
2725 2
2960 2
2311 1
3700 2
907 1
1257 2
2118 2
577 2
460 1
70 1
4656 2
258 2
184 2
2341 2
4668 2
1969 2
4670 2
1775 2
1870 2
663 1
141 1
1492 2
190 2
2500 2
4678 2
3970 2
3699 1
2570 1
1141 1
6683 3
2837 1
4693 3
3284 2
1824 2
4679 2
1639 1
3480 3
4042 2
2690 2
748 2
270 1
60 1
736 2
3120 1
1764 2
3070 2
4714 2
1162 2
2571 2
4717 2
2226 2
4922 3
1610 3
4720 2
984 2
1188 1
1907 2
3664 2
5492 2
4650 2
1615 3
3445 2
3760 2
7186 2
4121 1
291 2
407 1
2494 1
1621 2
3718 3
2823 2
5177 2
3370 2
2894 2
3689 2
4164 3
1060 1
1139 1
2834 3
867 2
310 1
7168 2
2782 2
4755 2
3958 2
4758 2
1176 2
4524 3
4467 2
2228 2
3190 2
4765 3
2913 1
609 1
2534 2
531 1
3754 3
4155 2
4776 2
3504 1
852 2
2318 2
630 1
2110 1
1346 2
4653 2
3720 1
4460 1
827 1
4654 2
2878 1
79 1
4807 2
2276 1
4655 2
4810 2
129 2
80 1
1279 2
2558 1
1516 3
1816 2
470 2
156 1
1148 2
4827 3
1737 2
3857 1
1626 3
3348 2
1227 2
1005 1
5790 3
3991 2
800 1
4060 2
602 1
511 2
4275 2
3038 2
3122 1
5550 2
2763 3
2151 1
1582 2
34 2
1461 2
2628 2
4032 3
3635 2
540 1
61 1
634 2
2794 1
1812 2
4031 1
1976 2
3576 3
2250 3
955 2
643 2
3614 2
859 2
4128 1
1935 2
3454 1
3745 2
197 1
2947 2
3250 2
571 2
38 1
6432 2
174 2
2093 1
811 3
1950 2
1102 2
3830 2
1956 2
2026 3
600 2
4221 2
266 2
690 2
2728 3
2030 1
488 2
489 2
4921 3
4924 2
2062 1
223 2
2997 2
29 2
3901 2
182 1
2317 2
445 1
2135 2
513 3
3223 2
1817 3
6487 3
1640 2
810 3
87 2
2698 2
3030 2
648 1
2536 3
879 1
650 2
2767 2
339 1
1321 3
14 1
3696 2
553 2
4351 3
2325 2
3231 2
966 1
314 1
580 1
731 3
2703 1
1854 3
446 2
1051 1
4996 2
4999 3
337 2
1991 2
3836 2
1624 1
1710 2
5004 3
1908 1
764 1
4542 2
451 2
5023 3
220 1
5029 2
502 3
3816 3
1967 1
157 1
1958 2
940 2
6624 3
2859 3
3152 2
526 1
4614 3
1105 3
2246 1
1759 3
2757 3
5043 2
3276 2
4691 2
5047 2
6331 3
547 1
3879 2
3469 1
2501 2
1511 2
2154 1
574 2
1892 2
1654 1
4046 2
2524 2
6200 3
2565 1
5078 2
4619 2
5079 2
3803 1
3550 2
923 1
137 1
5093 2
1933 2
3537 2
1136 2
2504 2
2346 3
3382 2
705 1
4420 2
5915 2
1553 1
5052 2
991 1
529 2
1549 2
1284 1
389 2
5132 2
897 2
2948 2
5112 2
1132 2
296 1
1098 2
5144 2
2887 2
3322 3
3971 2
2086 1
2503 2
561 3
4994 3
64 1
2455 2
568 2
2119 1
1927 2
1583 2
4416 1
2234 2
4627 1
3344 2
3804 2
1818 1
1048 1
3225 2
4684 2
263 2
771 1
1380 2
5020 1
4206 2
1738 2
4629 3
1679 2
2116 2
2446 2
6909 1
1555 2
4952 3
848 2
753 3
5183 2
498 2
5185 2
5127 2
5189 2
507 1
3438 2
2480 2
3331 1
3240 3
3983 2
374 2
5212 2
5216 2
601 2
4631 3
1006 1
5222 2
276 2
1225 2
4285 3
2561 2
1073 2
2224 3
1494 2
1077 1
5248 3
680 1
3450 3
3188 3
3428 2
2866 2
778 2
6649 2
3692 2
5265 2
1578 1
1127 2
5271 3
3262 1
1873 2
1959 2
1181 2
133 1
933 1
5290 2
5291 1
142 1
1572 1
3303 2
1517 1
4634 2
1030 2
4837 2
961 2
2764 2
710 1
5302 3
2891 1
3296 2
2604 2
2946 2
569 2
1653 2
2476 2
1767 2
4885 3
1682 3
1471 3
1590 1
1534 3
5146 3
4438 2
1940 3
1721 1
2061 1
469 2
349 2
484 2
3982 3
17 1
4871 2
5343 2
4872 3
5345 3
2368 1
4640 2
5348 2
4233 2
738 2
5817 2
931 1
3349 2
1922 2
333 3
5352 3
4353 2
3129 1
4508 2
521 1
1674 2
4433 3
5930 2
4092 2
686 1
1459 2
4645 3
232 2
233 2
4099 2
1779 1
618 1
3359 1
1490 1
1968 2
1646 2
2149 2
4647 2
88 1
1036 1
4071 2
5390 3
2540 2
2361 1
1138 1
4664 3
1702 2
862 1
1608 2
94 1
2375 2
4649 2
726 2
120 2
1032 2
2696 2
1091 2
2020 3
134 1
4531 2
3141 2
54 1
2911 2
3121 1
724 1
3750 1
2372 3
2492 3
4305 2
2025 3
625 2
4486 2
1400 1
101 1
1239 1
4878 2
11 1
2031 2
5454 3
835 2
3560 2
4652 2
5925 2
2056 2
487 2
3697 1
2983 2
6751 2
5046 2
3376 2
3149 3
5461 2
496 2
5463 2
1533 2
2409 3
5465 2
1389 1
1751 3
1719 2
2041 3
754 3
2727 2
3910 3
4168 2
5476 1
3968 2
3914 3
3693 2
2917 2
5482 3
3157 1
2497 3
4532 3
1763 2
2773 3
1648 2
3326 2
3158 2
4243 3
3054 2
749 2
1652 2
978 2
2048 3
4363 3
5649 3
2049 2
1359 2
5505 3
700 2
939 2
1187 1
1574 1
1930 1
3078 2
5224 2
4346 3
2912 2
1939 2
1617 2
5514 3
2812 1
2746 3
1825 2
477 2
3579 3
2635 2
4800 2
5527 2
585 2
126 2
4119 3
2936 1
6543 3
3736 2
1709 2
1560 2
164 2
5104 3
5534 3
4601 2
3150 3
4802 3
2362 2
2695 2
2003 2
1391 2
1841 1
211 1
252 2
5553 3
3758 2
3527 2
5438 2
2005 2
5385 3
3228 3
4101 2
5556 3
3087 2
2967 2
2006 1
4004 2
2284 2
2478 3
1285 2
301 1
2012 2
302 1
5567 2
2479 2
414 1
1004 1
4208 2
847 1
560 1
5574 2
622 3
1766 2
1003 1
1129 2
1683 3
679 1
2460 2
3749 3
299 1
2431 1
4863 2
3595 2
3762 2
4050 2
3007 3
2443 1
4590 2
409 1
3372 2
1108 1
478 1
3025 1
481 3
395 1
348 1
3898 2
1514 2
1180 1
3812 1
362 2
91 1
1066 1
2702 2
5606 3
149 1
387 2
2448 1
1331 2
1635 3
3972 3
1146 1
2745 2
3908 3
4081 2
173 2
5565 2
2310 2
972 1
4752 2
3940 2
1645 3
3468 2
4682 1
589 2
3618 2
90 1
3719 2
1822 2
146 1
6138 2
2709 2
2632 2
2971 2
5659 3
390 2
2655 3
5682 3
612 1
7169 3
1425 2
2574 2
5852 3
5369 3
1705 2
1100 3
593 2
2200 2
382 1
5669 3
2237 1
4611 2
669 2
3740 2
3764 3
3293 2
5645 3
192 1
2829 2
1301 2
4613 2
2608 2
2152 2
2186 2
67 1
4175 2
4327 2
7165 3
2962 1
908 1
2067 2
5714 2
4548 2
99 1
4095 2
84 1
330 2
2142 3
1478 1
5532 2
308 1
93 1
3886 2
4550 3
3187 3
462 2
1047 1
4245 1
3300 2
3 2
958 1
4413 3
842 1
4889 3
1541 1
2999 2
5008 2
4830 1
2178 2
2076 1
2399 2
3765 2
2691 3
1161 1
2836 1
215 2
1495 2
5767 2
1337 2
1449 2
1667 2
1208 1
289 1
1981 1
1638 3
3291 2
3820 2
4622 2
1500 2
6981 2
1460 3
2342 2
153 1
5701 2
544 2
4403 2
2420 2
3393 2
1783 2
2731 2
565 1
2047 2
4404 3
3825 2
1093 2
3401 2
2666 2
3573 2
5822 2
2236 1
1987 2
4628 2
168 2
769 2
1424 1
2954 1
4432 2
812 2
6583 2
1666 1
5712 3
2080 1
1387 1
3351 2
3040 2
1133 2
920 2
3703 2
2381 2
2907 2
1423 2
5372 3
5377 3
662 1
607 2
5641 3
3497 2
4424 2
3409 3
3880 3
2818 2
3884 1
2577 2
2941 2
2422 2
2402 2
4247 1
3748 3
5344 2
187 1
1612 1
1567 2
465 2
5591 2
3717 2
406 1
2657 1
2176 1
4298 2
2768 3
3039 2
1537 1
780 2
1944 1
102 1
4456 3
5789 2
6682 2
3570 2
784 2
5646 3
331 2
1515 2
4041 2
1918 2
1295 2
2150 2
2919 2
2243 2
6389 2
1668 2
1544 3
3234 2
942 2
1867 2
6237 1
6260 2
4242 2
926 2
2451 1
616 1
4047 3
1282 1
4635 2
1378 2
3648 2
1755 3
627 2
538 2
4988 2
2247 1
5944 2
5948 2
66 1
155 1
1314 2
5192 2
305 1
1199 1
4637 3
1814 2
2477 3
4868 3
646 2
1306 3
5961 2
3649 1
3100 1
77 2
5479 2
3111 2
3739 2
3846 2
6088 3
1770 2
479 2
5642 3
4402 3
5815 3
3041 2
1951 2
4549 2
4642 3
4644 2
1744 3
1496 1
1350 2
3817 3
4575 2
3818 3
3151 3
1311 2
3264 2
653 2
417 1
2643 2
1323 2
6577 3
5392 1
4205 1
1039 2
1885 1
2710 2
1353 3
5178 2
2567 2
2978 2
3180 2
5775 2
4789 2
1298 2
31 1
1332 2
2554 2
4088 3
5528 3
2750 2
973 1
1569 1
4270 2
2520 3
2023 2
5109 2
5546 2
1165 1
2299 1
1593 2
6046 2
995 1
1943 2
1771 2
1189 2
5920 2
483 2
202 2
2626 1
2400 3
485 1
4349 2
177 1
6694 3
23 1
1204 1
4370 2
5383 3
2037 1
4211 2
5182 2
1304 1
2819 2
3761 2
6071 2
3242 1
4280 1
2421 1
4766 2
3001 2
5169 3
2064 1
539 2
1333 2
313 2
2808 2
265 1
1190 2
4385 2
89 1
1297 1
1909 2
226 2
2105 2
6094 2
239 2
1209 1
6254 3
5522 1
322 1
3248 2
880 2
2338 2
4599 2
124 3
1328 2
1489 1
743 2
866 2
2648 3
1462 2
3233 2
689 2
1260 2
268 2
6117 3
6051 2
3110 1
1015 2
274 2
490 2
1558 3
1368 1
1238 2
3301 2
5653 3
2693 2
3486 2
2131 2
384 2
4044 2
4856 2
5137 2
3785 2
1000 2
3704 2
2668 2
1884 1
2800 3
2538 2
4142 1
275 2
631 2
1149 1
1963 1
554 2
1479 1
3226 2
5946 2
3246 2
3366 2
2285 3
2016 1
6170 2
3426 2
1849 2
1196 1
2235 1
63 2
22 1
4147 2
3891 2
6178 3
2950 2
1622 1
4328 2
2495 2
1056 1
2945 2
2771 2
1292 2
1627 2
3605 1
2240 1
597 3
2036 2
2607 2
4087 3
5010 2
1303 1
2153 2
1342 2
1902 2
15 1
2620 2
2972 3
20 1
592 2
525 2
1581 1
6209 2
5731 2
6954 2
613 1
5626 1
674 1
5877 2
4510 2
273 2
1267 2
2045 2
3327 2
45 2
4669 2
6228 2
3606 2
5873 2
818 2
1671 2
6232 2
438 1
5006 3
3306 1
1020 1
1509 2
1396 1
6242 3
3288 2
2388 2
1185 1
312 2
5928 3
2393 2
2444 1
5213 2
2498 2
2603 1
385 1
5232 3
718 2
493 1
1742 2
806 1
4962 2
6357 2
1947 2
4908 2
4077 2
2469 2
3769 1
1497 1
2642 2
1215 2
790 1
426 1
161 1
2004 3
594 2
851 2
1122 2
5429 2
6693 3
3694 1
1758 3
5149 2
1728 3
3653 2
2539 1
551 1
823 3
1007 2
3942 3
221 1
872 1
4398 2
3290 2
3538 2
379 1
6961 1
1379 1
3056 2
4874 3
1210 1
1768 3
626 2
2756 3
4203 3
684 2
3557 2
3967 2
2525 2
1182 2
5568 3
4261 2
135 2
937 3
410 1
6021 2
2312 1
3710 2
5370 3
5208 2
1917 2
2238 2
2239 1
2034 2
4238 2
2568 2
3053 3
6314 3
813 2
5899 2
2035 2
283 1
3806 3
2822 2
2787 2
1207 1
508 2
1345 2
3907 1
2587 2
517 1
193 1
4083 3
6160 2
1125 3
910 2
2085 1
2177 2
4623 2
2669 3
6346 2
546 1
6353 2
3822 2
1519 2
2046 2
281 2
2087 1
660 2
3330 2
4625 2
2227 2
701 2
3588 3
4273 1
1099 2
1688 2
1194 1
3109 2
212 1
3343 3
1398 3
255 2
857 1
928 1
2958 2
1616 2
260 1
1619 1
6370 2
28 2
677 2
2915 2
2766 2
2139 2
138 1
5581 2
6172 2
6379 2
708 2
189 2
1891 1
4892 2
2724 1
1746 3
4630 3
36 1
1998 3
5656 1
1681 2
2645 2
3354 3
518 2
1808 1
4173 2
775 2
6398 2
1803 1
3876 2
2287 1
1978 2
1110 3
392 1
4202 2
1898 2
1889 1
1473 3
2128 3
278 1
3962 1
692 2
1651 3
566 3
1135 2
5819 2
610 1
178 1
925 1
1833 2
461 2
3577 2
5967 2
4583 1
3847 2
5638 3
1050 1
3895 3
1315 2
2028 1
4728 3
2858 2
4055 3
691 1
4864 1
6619 1
3377 2
1631 2
4932 2
1748 2
4200 2
6441 3
714 2
4003 2
1752 2
515 2
1177 2
3657 1
520 2
3241 3
2169 2
1957 2
5725 3
1021 2
3230 2
3309 2
2174 3
2734 2
535 2
6188 2
2134 2
2712 3
1677 3
987 2
267 2
5570 2
1288 2
4347 3
4662 3
5231 3
6469 2
1009 1
2465 2
2737 1
3518 3
6627 3
1782 2
3824 3
5016 2
770 2
3925 2
4888 2
779 3
996 1
1167 1
5056 2
4638 2
3341 2
4080 2
2908 2
6485 1
3714 2
6468 3
6470 2
3852 2
1661 2
1214 2
2262 2
1916 2
875 2
1076 2
4641 3
5952 2
2185 3
729 2
6504 2
1790 2
6513 3
2108 3
309 1
3315 2
3874 2
688 1
6013 2
6516 2
2190 2
1465 2
3101 1
4730 2
3160 2
563 1
2143 3
2416 1
2017 2
4357 2
463 2
160 1
4321 2
3959 1
3043 2
4076 2
2187 2
876 2
4051 2
624 1
598 3
52 1
3075 1
4103 1
315 2
1527 1
4519 2
2029 2
1664 2
2559 1
2982 2
4457 3
491 2
494 2
2079 1
1326 2
1772 2
1750 3
316 1
1673 2
6555 3
2321 1
619 3
5191 3
26 1
2998 2
2748 1
1554 1
2248 2
1286 1
2667 2
4577 2
3680 3
2573 2
1302 1
3928 3
941 3
2129 2
1928 2
3433 2
6053 2
136 1
439 1
3285 3
6592 2
2170 2
1049 1
2172 2
2644 2
2127 1
6602 2
4348 3
2078 1
906 1
110 1
5417 2
403 2
3811 2
4723 2
986 1
3721 3
3864 2
1749 2
2470 2
171 1
516 1
752 2
2002 3
6174 3
3131 1
4201 2
454 1
1017 2
1325 2
4091 2
1563 2
3328 2
5301 2
4804 2
3932 2
1925 2
542 2
1453 1
1887 2
2817 2
1420 2
4767 2
271 1
5393 3
3220 2
6060 2
2877 1
657 1
27 2
6339 3
6471 2
3058 1
1859 1
251 2
3650 1
629 1
4024 2
664 2
4494 1
402 1
3670 3
132 1
1900 2
1972 2
1594 3
2699 1
6832 3
3222 2
1740 3
1324 2
172 1
5236 2
500 2
4034 2
3072 3
6622 2
2396 1
3647 2
3024 2
341 2
4039 3
2473 1
611 1
170 2
4260 3
1641 2
837 2
1643 1
2288 2
1757 3
1081 1
3388 3
2623 2
5705 3
4607 2
4356 3
4319 2
549 2
1665 2
868 2
3071 3
558 2
2589 2
4608 2
78 1
6721 3
1358 2
831 2
4594 2
360 2
2075 1
4610 2
2283 1
4726 3
1675 2
3623 3
4283 2
3580 2
860 1
143 1
1625 2
1236 2
4350 3
499 2
357 3
5648 3
746 3
3044 1
628 1
2870 3
3470 2
1275 1
3868 1
1720 3
1584 2
1806 1
878 2
3134 2
1842 2
814 1
415 1
3126 2
935 3
380 1
6755 3
4616 2
2007 2
1601 3
2011 2
3244 3
6041 2
1861 2
3159 3
3535 2
4617 2
742 1
695 1
335 1
820 1
985 2
3747 2
4262 3
3607 2
10 1
5637 3
756 1
3776 2
4945 2
1159 1
1430 2
2462 2
1964 1
65 2
2788 2
5902 3
2689 2
1174 1
4916 2
2210 2
4620 3
586 1
4417 2
4522 3
5371 3
2778 2
6324 2
1843 2
1373 2
3903 2
51 2
2481 2
2397 2
5225 3
2909 2
523 2
214 2
1864 2
2245 1
3386 3
834 1
2084 1
204 1
687 2
2353 2
2211 2
1662 2
5448 2
295 1
3612 3
2222 1
206 3
418 1
4037 2
6821 3
166 1
6628 2
2390 1
2775 1
1259 3
1946 2
230 2
5903 3
2653 2
572 3
1019 3
3209 2
42 1
359 2
5994 2
7166 1
3738 2
3342 2
2937 1
1488 1
767 1
969 2
119 1
2275 1
4094 2
1886 3
436 2
6837 2
2445 1
2419 1
676 2
1994 2
808 3
3767 2
1388 1
3861 3
4984 2
1743 2
3536 2
234 3
4240 2
103 1
8 2
2475 2
582 2
6047 2
396 2
3177 2
3835 2
2560 2
6556 3
4320 2
1008 1
4146 2
3052 1
3357 1
1716 1
2955 2
4389 3
5566 2
4862 2
2942 2
3705 2
6831 3
1294 3
21 2
4632 3
1980 1
1467 2
1704 2
5237 3
575 2
666 2
366 2
5966 2
5204 2
2888 2
3890 2
259 2
2138 2
108 1
807 2
2175 2
5640 3
198 1
2769 2
1598 3
1058 1
1289 1
916 2
5644 3
5181 2
1920 3
591 2
1063 1
1632 2
2057 2
2845 1
3263 1
5184 2
6253 1
5399 3
3383 2
6656 2
2042 3
5227 2
927 3
3735 1
3716 3
4663 1
4897 3
4944 2
229 2
1756 2
3387 3
1055 1
2195 3
998 2
2249 2
3390 3
3391 2
548 2
3755 2
4636 2
1524 2
3261 2
2572 2
4447 2
3127 1
6561 2
1732 3
6903 2
4423 2
4674 2
3794 2
6099 3
765 1
4001 1
3429 2
3147 2
2347 2
2095 2
5300 3
1658 2
2918 2
5138 2
3440 3
1274 3
6544 3
2486 2
3307 2
361 3
2688 3
641 1
1448 2
1711 2
789 2
2274 1
1966 1
1550 2
3941 2
5168 2
3969 2
238 1
4805 3
5931 2
1761 2
1573 1
3079 1
4096 2
2010 2
2168 2
3780 2
1647 3
4043 2
1805 2
2454 3
3821 2
2652 2
50 1
2115 2
1568 3
228 1
1476 2
2541 2
5017 3
4742 1
123 2
725 2
4454 2
673 2
1429 2
183 2
6275 2
2189 2
5996 3
4395 2
47 1
1618 2
4589 3
5634 2
730 1
2024 2
3329 1
2527 1
1932 2
4235 2
1334 2
1369 1
1088 1
492 2
448 1
4917 2
5342 2
6621 3
1872 2
1104 2
37 2
893 2
1134 1
4523 2
46 1
3590 2
158 2
3752 2
6684 2
381 1
6598 2
3243 1
1660 2
1475 2
6442 2
536 2
4127 1
5044 2
3336 1
4355 1
543 1
4419 2
3496 1
2729 2
210 1
1863 2
1372 1
3708 2
1850 2
1078 1
57 2
5133 2
3340 2
2487 2
2861 2
2914 2
480 1
1272 1
4600 2
1739 2
4012 1
191 1
2193 2
2358 2
1086 2
1835 2
4068 2
506 2
1393 3
4602 2
2450 1
3702 1
1498 2
7037 2
3715 2
4126 2
306 1
2137 2
262 2
2984 2
5400 2
4683 1
2810 2
537 3
6982 2
4547 2
5166 3
1014 2
440 1
5933 2
2502 1
1564 2
3023 2
1921 2
4058 3
4482 2
4603 3
4013 1
4909 2
983 2
6618 3
2461 2
5284 2
1200 2
2862 1
3229 2
4049 3
3998 3
1620 3
1552 2
3189 3
2496 2
39 1
1868 2
719 1
3374 3
1977 2
1296 1
1774 3
3294 1
1028 2
2205 1
2148 2
1419 2
3943 2
4957 2
3652 2
2588 2
383 1
176 1
1318 2
3915 3
2106 2
1703 2
1829 1
4866 2
4606 1
2949 1
1349 2
2371 2
552 2
2104 2
4867 2
5015 1
796 2
5126 3
3655 2
2940 3
3927 2
3406 3
5619 2
733 1
794 2
1986 2
466 1
1518 1
165 1
468 2
1237 2
5097 2
833 1
1172 2
2528 2
1316 3
2529 2
284 1
97 1
286 2
763 1
4234 1
2687 3
1276 1
2896 2
2781 2
2744 2
932 3
1347 2
7024 2
237 1
3076 2
6578 3
2537 1
150 1
1717 2
7167 3
2058 2
4212 3
6969 2
3405 2
2088 1
1265 1
4618 2
1386 1
1725 3
472 1
2916 2
1623 3
3144 2
3602 2
4070 3
603 1
246 1
5228 3
3751 3
4237 1
1628 3
3297 2
307 2
222 2
4057 2
3815 2
2732 2
3098 1
4086 3
1747 3
4352 3
3770 2
12 1
2352 1
3091 2
1753 2
25 2
6330 3
5901 2
6659 2
1491 1
297 1
671 1
6093 3
659 2
1338 2
1399 2
1765 2
224 2
6120 3
2098 2
7221 2
2893 2
5652 2
1811 1
4626 3
419 1
716 1
6092 3
1735 2
6541 3
2807 2
5949 2
1153 1
1198 1
2883 1
1577 2
5496 2
3247 2
7220 2
1973 3
167 1
4284 3
5122 2
298 1
4236 2
2184 3
1205 1
6287 2
199 1
3541 3
2070 1
145 1
3867 2
2906 2
1253 1
4913 2
522 1
6081 3
6198 2
6945 2
1271 2
6626 1
2814 2
5843 2
109 1
6647 2
4760 3
3654 1
819 2
2900 1
6648 2
1611 2
2307 3
949 2
6361 2
151 1
4955 2
4082 2
162 1
4223 2
2171 3
4950 3
4695 2
3798 2
2345 2
3896 2
760 2
2801 2
1160 2
3102 2
4801 3
3642 3
7106 2
4633 2
5042 3
2884 2
5972 2
5791 3
5019 2
6654 2
3904 3
6623 3
205 1
4255 3
6655 2
1117 3
3430 2
4098 2
2491 2
5154 3
1144 1
1381 1
30 1
2155 2
3530 2
6456 2
7320 2
2928 2
836 1
2221 1
3487 2
1426 1
2825 2
2741 1
7076 2
550 1
3245 2
556 2
5602 3
5739 2
3397 1
6020 2
4869 2
1960 2
3400 2
2252 2
2403 2
329 2
5470 3
1421 2
590 1
6328 2
761 1
1308 2
3139 2
7232 2
6702 2
482 2
5647 3
1422 1
423 1
5552 3
4239 2
1606 3
5121 2
1634 2
4170 2
5162 3
2863 3
1866 2
510 2
411 2
3235 2
1305 1
3353 2
1156 3
2531 2
3446 2
683 1
3759 2
5210 2
7075 3
1329 2
4227 3
6380 2
2436 1
2985 3
5569 3
1463 3
1287 1
4646 2
1945 1
745 2
1888 1
3302 3
2605 2
651 2
400 1
4648 2
1580 1
2920 2
5373 3
365 1
3563 3
3581 3
5671 2
584 2
2839 1
785 2
1269 1
256 2
1722 2
1164 1
2970 3
2493 2
4931 2
2886 1
2343 1
3695 2
989 2
4877 3
1865 2
4651 3
5969 2
105 1
5643 3
13 1
3108 2
2499 2
114 1
5512 2
300 1
1197 1
2553 1
3224 2
4815 2
2354 2
4521 2
4860 2
4879 3
280 2
5900 2
1923 1
5650 3
4534 2
1469 2
2040 2
1457 1
2394 2
5818 2
2533 2
524 2
1280 2
685 1
1281 2
527 2
3984 2
1965 1
1754 2
405 2
4027 2
98 1
1530 3
642 2
4100 2
1394 3
1663 1
3215 2
1644 3
3779 2
545 2
4461 2
7380 2
2182 2
588 1
1355 3
196 2
2777 2
3709 3
5706 3
2344 3
1131 2
